{
  "polygons" : "true",
  "field" : "snubDodec",
  "symmetry" : "icosahedral",
  "orientations" : [ [ 1.0, 0.0, 0.0, 0.0, 0.0, 1.0, 0.0, 0.0, 0.0, 0.0, 1.0, 0.0, 0.0, 0.0, 0.0, 1.0 ], [ 0.0, 0.0, 1.0, 0.0, 1.0, 0.0, 0.0, 0.0, 0.0, 1.0, 0.0, 0.0, 0.0, 0.0, 0.0, 1.0 ], [ 0.0, 1.0, 0.0, 0.0, 0.0, 0.0, 1.0, 0.0, 1.0, 0.0, 0.0, 0.0, 0.0, 0.0, 0.0, 1.0 ], [ 0.809017, 0.309017, 0.5, 0.0, 0.309017, 0.5, -0.809017, 0.0, -0.5, 0.809017, 0.309017, 0.0, 0.0, 0.0, 0.0, 1.0 ], [ -0.5, 0.809017, 0.309017, 0.0, 0.809017, 0.309017, 0.5, 0.0, 0.309017, 0.5, -0.809017, 0.0, 0.0, 0.0, 0.0, 1.0 ], [ 0.309017, 0.5, -0.809017, 0.0, -0.5, 0.809017, 0.309017, 0.0, 0.809017, 0.309017, 0.5, 0.0, 0.0, 0.0, 0.0, 1.0 ], [ 0.5, 0.809017, 0.309017, 0.0, 0.809017, -0.309017, -0.5, 0.0, -0.309017, 0.5, -0.809017, 0.0, 0.0, 0.0, 0.0, 1.0 ], [ -0.309017, 0.5, -0.809017, 0.0, 0.5, 0.809017, 0.309017, 0.0, 0.809017, -0.309017, -0.5, 0.0, 0.0, 0.0, 0.0, 1.0 ], [ 0.809017, -0.309017, -0.5, 0.0, -0.309017, 0.5, -0.809017, 0.0, 0.5, 0.809017, 0.309017, 0.0, 0.0, 0.0, 0.0, 1.0 ], [ 0.5, 0.809017, -0.309017, 0.0, 0.809017, -0.309017, 0.5, 0.0, 0.309017, -0.5, -0.809017, 0.0, 0.0, 0.0, 0.0, 1.0 ], [ 0.309017, -0.5, -0.809017, 0.0, 0.5, 0.809017, -0.309017, 0.0, 0.809017, -0.309017, 0.5, 0.0, 0.0, 0.0, 0.0, 1.0 ], [ 0.809017, -0.309017, 0.5, 0.0, 0.309017, -0.5, -0.809017, 0.0, 0.5, 0.809017, -0.309017, 0.0, 0.0, 0.0, 0.0, 1.0 ], [ 0.809017, 0.309017, -0.5, 0.0, 0.309017, 0.5, 0.809017, 0.0, 0.5, -0.809017, 0.309017, 0.0, 0.0, 0.0, 0.0, 1.0 ], [ 0.5, -0.809017, 0.309017, 0.0, 0.809017, 0.309017, -0.5, 0.0, 0.309017, 0.5, 0.809017, 0.0, 0.0, 0.0, 0.0, 1.0 ], [ 0.309017, 0.5, 0.809017, 0.0, 0.5, -0.809017, 0.309017, 0.0, 0.809017, 0.309017, -0.5, 0.0, 0.0, 0.0, 0.0, 1.0 ], [ 1.0, 0.0, 0.0, 0.0, 0.0, -1.0, 0.0, 0.0, 0.0, 0.0, -1.0, 0.0, 0.0, 0.0, 0.0, 1.0 ], [ 0.0, 0.0, 1.0, 0.0, -1.0, 0.0, 0.0, 0.0, 0.0, -1.0, 0.0, 0.0, 0.0, 0.0, 0.0, 1.0 ], [ 0.0, 1.0, 0.0, 0.0, 0.0, 0.0, -1.0, 0.0, -1.0, 0.0, 0.0, 0.0, 0.0, 0.0, 0.0, 1.0 ], [ 0.809017, 0.309017, 0.5, 0.0, -0.309017, -0.5, 0.809017, 0.0, 0.5, -0.809017, -0.309017, 0.0, 0.0, 0.0, 0.0, 1.0 ], [ -0.5, 0.809017, 0.309017, 0.0, -0.809017, -0.309017, -0.5, 0.0, -0.309017, -0.5, 0.809017, 0.0, 0.0, 0.0, 0.0, 1.0 ], [ 0.309017, 0.5, -0.809017, 0.0, 0.5, -0.809017, -0.309017, 0.0, -0.809017, -0.309017, -0.5, 0.0, 0.0, 0.0, 0.0, 1.0 ], [ 0.5, 0.809017, 0.309017, 0.0, -0.809017, 0.309017, 0.5, 0.0, 0.309017, -0.5, 0.809017, 0.0, 0.0, 0.0, 0.0, 1.0 ], [ -0.309017, 0.5, -0.809017, 0.0, -0.5, -0.809017, -0.309017, 0.0, -0.809017, 0.309017, 0.5, 0.0, 0.0, 0.0, 0.0, 1.0 ], [ 0.809017, -0.309017, -0.5, 0.0, 0.309017, -0.5, 0.809017, 0.0, -0.5, -0.809017, -0.309017, 0.0, 0.0, 0.0, 0.0, 1.0 ], [ 0.5, 0.809017, -0.309017, 0.0, -0.809017, 0.309017, -0.5, 0.0, -0.309017, 0.5, 0.809017, 0.0, 0.0, 0.0, 0.0, 1.0 ], [ 0.309017, -0.5, -0.809017, 0.0, -0.5, -0.809017, 0.309017, 0.0, -0.809017, 0.309017, -0.5, 0.0, 0.0, 0.0, 0.0, 1.0 ], [ 0.809017, -0.309017, 0.5, 0.0, -0.309017, 0.5, 0.809017, 0.0, -0.5, -0.809017, 0.309017, 0.0, 0.0, 0.0, 0.0, 1.0 ], [ 0.809017, 0.309017, -0.5, 0.0, -0.309017, -0.5, -0.809017, 0.0, -0.5, 0.809017, -0.309017, 0.0, 0.0, 0.0, 0.0, 1.0 ], [ 0.5, -0.809017, 0.309017, 0.0, -0.809017, -0.309017, 0.5, 0.0, -0.309017, -0.5, -0.809017, 0.0, 0.0, 0.0, 0.0, 1.0 ], [ 0.309017, 0.5, 0.809017, 0.0, -0.5, 0.809017, -0.309017, 0.0, -0.809017, -0.309017, 0.5, 0.0, 0.0, 0.0, 0.0, 1.0 ], [ -1.0, 0.0, 0.0, 0.0, 0.0, -1.0, 0.0, 0.0, 0.0, 0.0, 1.0, 0.0, 0.0, 0.0, 0.0, 1.0 ], [ 0.0, 0.0, -1.0, 0.0, -1.0, 0.0, 0.0, 0.0, 0.0, 1.0, 0.0, 0.0, 0.0, 0.0, 0.0, 1.0 ], [ 0.0, -1.0, 0.0, 0.0, 0.0, 0.0, -1.0, 0.0, 1.0, 0.0, 0.0, 0.0, 0.0, 0.0, 0.0, 1.0 ], [ -0.809017, -0.309017, -0.5, 0.0, -0.309017, -0.5, 0.809017, 0.0, -0.5, 0.809017, 0.309017, 0.0, 0.0, 0.0, 0.0, 1.0 ], [ 0.5, -0.809017, -0.309017, 0.0, -0.809017, -0.309017, -0.5, 0.0, 0.309017, 0.5, -0.809017, 0.0, 0.0, 0.0, 0.0, 1.0 ], [ -0.309017, -0.5, 0.809017, 0.0, 0.5, -0.809017, -0.309017, 0.0, 0.809017, 0.309017, 0.5, 0.0, 0.0, 0.0, 0.0, 1.0 ], [ -0.5, -0.809017, -0.309017, 0.0, -0.809017, 0.309017, 0.5, 0.0, -0.309017, 0.5, -0.809017, 0.0, 0.0, 0.0, 0.0, 1.0 ], [ 0.309017, -0.5, 0.809017, 0.0, -0.5, -0.809017, -0.309017, 0.0, 0.809017, -0.309017, -0.5, 0.0, 0.0, 0.0, 0.0, 1.0 ], [ -0.809017, 0.309017, 0.5, 0.0, 0.309017, -0.5, 0.809017, 0.0, 0.5, 0.809017, 0.309017, 0.0, 0.0, 0.0, 0.0, 1.0 ], [ -0.5, -0.809017, 0.309017, 0.0, -0.809017, 0.309017, -0.5, 0.0, 0.309017, -0.5, -0.809017, 0.0, 0.0, 0.0, 0.0, 1.0 ], [ -0.309017, 0.5, 0.809017, 0.0, -0.5, -0.809017, 0.309017, 0.0, 0.809017, -0.309017, 0.5, 0.0, 0.0, 0.0, 0.0, 1.0 ], [ -0.809017, 0.309017, -0.5, 0.0, -0.309017, 0.5, 0.809017, 0.0, 0.5, 0.809017, -0.309017, 0.0, 0.0, 0.0, 0.0, 1.0 ], [ -0.809017, -0.309017, 0.5, 0.0, -0.309017, -0.5, -0.809017, 0.0, 0.5, -0.809017, 0.309017, 0.0, 0.0, 0.0, 0.0, 1.0 ], [ -0.5, 0.809017, -0.309017, 0.0, -0.809017, -0.309017, 0.5, 0.0, 0.309017, 0.5, 0.809017, 0.0, 0.0, 0.0, 0.0, 1.0 ], [ -0.309017, -0.5, -0.809017, 0.0, -0.5, 0.809017, -0.309017, 0.0, 0.809017, 0.309017, -0.5, 0.0, 0.0, 0.0, 0.0, 1.0 ], [ -1.0, 0.0, 0.0, 0.0, 0.0, 1.0, 0.0, 0.0, 0.0, 0.0, -1.0, 0.0, 0.0, 0.0, 0.0, 1.0 ], [ 0.0, 0.0, -1.0, 0.0, 1.0, 0.0, 0.0, 0.0, 0.0, -1.0, 0.0, 0.0, 0.0, 0.0, 0.0, 1.0 ], [ 0.0, -1.0, 0.0, 0.0, 0.0, 0.0, 1.0, 0.0, -1.0, 0.0, 0.0, 0.0, 0.0, 0.0, 0.0, 1.0 ], [ -0.809017, -0.309017, -0.5, 0.0, 0.309017, 0.5, -0.809017, 0.0, 0.5, -0.809017, -0.309017, 0.0, 0.0, 0.0, 0.0, 1.0 ], [ 0.5, -0.809017, -0.309017, 0.0, 0.809017, 0.309017, 0.5, 0.0, -0.309017, -0.5, 0.809017, 0.0, 0.0, 0.0, 0.0, 1.0 ], [ -0.309017, -0.5, 0.809017, 0.0, -0.5, 0.809017, 0.309017, 0.0, -0.809017, -0.309017, -0.5, 0.0, 0.0, 0.0, 0.0, 1.0 ], [ -0.5, -0.809017, -0.309017, 0.0, 0.809017, -0.309017, -0.5, 0.0, 0.309017, -0.5, 0.809017, 0.0, 0.0, 0.0, 0.0, 1.0 ], [ 0.309017, -0.5, 0.809017, 0.0, 0.5, 0.809017, 0.309017, 0.0, -0.809017, 0.309017, 0.5, 0.0, 0.0, 0.0, 0.0, 1.0 ], [ -0.809017, 0.309017, 0.5, 0.0, -0.309017, 0.5, -0.809017, 0.0, -0.5, -0.809017, -0.309017, 0.0, 0.0, 0.0, 0.0, 1.0 ], [ -0.5, -0.809017, 0.309017, 0.0, 0.809017, -0.309017, 0.5, 0.0, -0.309017, 0.5, 0.809017, 0.0, 0.0, 0.0, 0.0, 1.0 ], [ -0.309017, 0.5, 0.809017, 0.0, 0.5, 0.809017, -0.309017, 0.0, -0.809017, 0.309017, -0.5, 0.0, 0.0, 0.0, 0.0, 1.0 ], [ -0.809017, 0.309017, -0.5, 0.0, 0.309017, -0.5, -0.809017, 0.0, -0.5, -0.809017, 0.309017, 0.0, 0.0, 0.0, 0.0, 1.0 ], [ -0.809017, -0.309017, 0.5, 0.0, 0.309017, 0.5, 0.809017, 0.0, -0.5, 0.809017, -0.309017, 0.0, 0.0, 0.0, 0.0, 1.0 ], [ -0.5, 0.809017, -0.309017, 0.0, 0.809017, 0.309017, -0.5, 0.0, -0.309017, -0.5, -0.809017, 0.0, 0.0, 0.0, 0.0, 1.0 ], [ -0.309017, -0.5, -0.809017, 0.0, 0.5, -0.809017, 0.309017, 0.0, -0.809017, -0.309017, 0.5, 0.0, 0.0, 0.0, 0.0, 1.0 ] ],
  "lights" : {
    "directionalLights" : [ {
      "direction" : [ 1.0, -1.0, -1.0 ],
      "color" : "#EBEBE4"
    }, {
      "direction" : [ -1.0, 0.0, 0.0 ],
      "color" : "#E4E4EB"
    }, {
      "direction" : [ 0.0, 0.0, -1.0 ],
      "color" : "#1E1E1E"
    } ],
    "ambientColor" : "#292929",
    "backgroundColor" : "#AFC8DC"
  },
  "camera" : {
    "perspective" : false,
    "width" : 45.16723,
    "position" : {
      "x" : -98.00265,
      "y" : 17.215336,
      "z" : 13.178944
    },
    "nearClipDistance" : 0.25092906,
    "fieldOfView" : 0.44262886,
    "viewDistance" : 100.37162,
    "farClipDistance" : 200.74326,
    "lookAtPoint" : {
      "x" : 0.0,
      "y" : 0.0,
      "z" : 0.0
    },
    "stereo" : false,
    "lookDirection" : {
      "x" : 0.976398,
      "y" : -0.17151597,
      "z" : -0.13130149
    },
    "upDirection" : {
      "x" : 0.1026415,
      "y" : 0.9032645,
      "z" : -0.41664883
    }
  },
  "embedding" : [ 1.0, 0.0, 0.0, 0.0, 0.0, 1.0, 0.0, 0.0, 0.0, 0.0, 1.0, 0.0, 0.0, 0.0, 0.0, 1.0 ],
  "shapes" : [ {
    "id" : "cd1dae02-a447-489d-9549-dab834fe5041",
    "vertices" : [ {
      "x" : 0.0,
      "y" : 0.0,
      "z" : 0.0
    }, {
      "x" : -4.284603,
      "y" : 3.7827733,
      "z" : 0.0
    }, {
      "x" : -2.1423016,
      "y" : 6.294322,
      "z" : -0.45872366
    }, {
      "x" : 1.1024884,
      "y" : 5.566637,
      "z" : -0.68137527
    }, {
      "x" : 4.866843,
      "y" : 1.8913866,
      "z" : -0.64472353
    } ],
    "faces" : [ {
      "vertices" : [ 0, 1, 2, 3, 4 ]
    }, {
      "vertices" : [ 0, 4, 3, 2, 1 ]
    } ]
  }, {
    "id" : "ed01f196-6aff-44ba-b167-88c1983bb989",
    "name" : "ball",
    "vertices" : [ {
      "x" : 0.309017,
      "y" : -0.809017,
      "z" : 0.618034
    }, {
      "x" : 0.809017,
      "y" : -0.618034,
      "z" : 0.309017
    }, {
      "x" : 0.618034,
      "y" : -0.309017,
      "z" : 0.809017
    }, {
      "x" : 1.0,
      "y" : 0.309017,
      "z" : 0.19098301
    }, {
      "x" : 0.809017,
      "y" : 0.618034,
      "z" : 0.309017
    }, {
      "x" : 0.618034,
      "y" : 0.309017,
      "z" : 0.809017
    }, {
      "x" : 0.809017,
      "y" : 0.0,
      "z" : 0.690983
    }, {
      "x" : 0.19098301,
      "y" : -1.0,
      "z" : 0.309017
    }, {
      "x" : -0.19098301,
      "y" : -1.0,
      "z" : 0.309017
    }, {
      "x" : -0.19098301,
      "y" : -1.0,
      "z" : -0.309017
    }, {
      "x" : 0.19098301,
      "y" : -1.0,
      "z" : -0.309017
    }, {
      "x" : 1.0,
      "y" : -0.309017,
      "z" : -0.19098301
    }, {
      "x" : 0.809017,
      "y" : -0.618034,
      "z" : -0.309017
    }, {
      "x" : 0.618034,
      "y" : -0.309017,
      "z" : -0.809017
    }, {
      "x" : 0.809017,
      "y" : 0.0,
      "z" : -0.690983
    }, {
      "x" : 0.0,
      "y" : 0.690983,
      "z" : -0.809017
    }, {
      "x" : 0.309017,
      "y" : 0.809017,
      "z" : -0.618034
    }, {
      "x" : 0.618034,
      "y" : 0.309017,
      "z" : -0.809017
    }, {
      "x" : 0.309017,
      "y" : 0.19098301,
      "z" : -1.0
    }, {
      "x" : 1.0,
      "y" : 0.309017,
      "z" : -0.19098301
    }, {
      "x" : -0.309017,
      "y" : -0.809017,
      "z" : 0.618034
    }, {
      "x" : 0.0,
      "y" : -0.690983,
      "z" : 0.809017
    }, {
      "x" : 0.809017,
      "y" : 0.618034,
      "z" : -0.309017
    }, {
      "x" : 0.690983,
      "y" : 0.809017,
      "z" : 0.0
    }, {
      "x" : -0.690983,
      "y" : 0.809017,
      "z" : 0.0
    }, {
      "x" : -0.809017,
      "y" : 0.618034,
      "z" : 0.309017
    }, {
      "x" : -0.309017,
      "y" : 0.809017,
      "z" : 0.618034
    }, {
      "x" : -0.19098301,
      "y" : 1.0,
      "z" : 0.309017
    }, {
      "x" : 0.309017,
      "y" : -0.19098301,
      "z" : -1.0
    }, {
      "x" : 0.19098301,
      "y" : 1.0,
      "z" : 0.309017
    }, {
      "x" : 0.309017,
      "y" : 0.809017,
      "z" : 0.618034
    }, {
      "x" : -0.809017,
      "y" : -0.618034,
      "z" : 0.309017
    }, {
      "x" : -0.690983,
      "y" : -0.809017,
      "z" : 0.0
    }, {
      "x" : 0.0,
      "y" : 0.690983,
      "z" : 0.809017
    }, {
      "x" : 0.309017,
      "y" : -0.809017,
      "z" : -0.618034
    }, {
      "x" : 0.0,
      "y" : -0.690983,
      "z" : -0.809017
    }, {
      "x" : -1.0,
      "y" : 0.309017,
      "z" : 0.19098301
    }, {
      "x" : -0.809017,
      "y" : 0.0,
      "z" : 0.690983
    }, {
      "x" : -0.618034,
      "y" : 0.309017,
      "z" : 0.809017
    }, {
      "x" : 1.0,
      "y" : -0.309017,
      "z" : 0.19098301
    }, {
      "x" : -0.309017,
      "y" : -0.809017,
      "z" : -0.618034
    }, {
      "x" : -1.0,
      "y" : 0.309017,
      "z" : -0.19098301
    }, {
      "x" : -1.0,
      "y" : -0.309017,
      "z" : -0.19098301
    }, {
      "x" : -1.0,
      "y" : -0.309017,
      "z" : 0.19098301
    }, {
      "x" : 0.19098301,
      "y" : 1.0,
      "z" : -0.309017
    }, {
      "x" : -0.809017,
      "y" : 0.618034,
      "z" : -0.309017
    }, {
      "x" : -0.19098301,
      "y" : 1.0,
      "z" : -0.309017
    }, {
      "x" : -0.309017,
      "y" : 0.809017,
      "z" : -0.618034
    }, {
      "x" : -0.618034,
      "y" : -0.309017,
      "z" : 0.809017
    }, {
      "x" : 0.309017,
      "y" : 0.19098301,
      "z" : 1.0
    }, {
      "x" : -0.309017,
      "y" : 0.19098301,
      "z" : -1.0
    }, {
      "x" : -0.309017,
      "y" : 0.19098301,
      "z" : 1.0
    }, {
      "x" : -0.309017,
      "y" : -0.19098301,
      "z" : 1.0
    }, {
      "x" : 0.309017,
      "y" : -0.19098301,
      "z" : 1.0
    }, {
      "x" : 0.690983,
      "y" : -0.809017,
      "z" : 0.0
    }, {
      "x" : -0.809017,
      "y" : 0.0,
      "z" : -0.690983
    }, {
      "x" : -0.618034,
      "y" : -0.309017,
      "z" : -0.809017
    }, {
      "x" : -0.309017,
      "y" : -0.19098301,
      "z" : -1.0
    }, {
      "x" : -0.618034,
      "y" : 0.309017,
      "z" : -0.809017
    }, {
      "x" : -0.809017,
      "y" : -0.618034,
      "z" : -0.309017
    } ],
    "faces" : [ {
      "vertices" : [ 9, 40, 35, 34, 10 ]
    }, {
      "vertices" : [ 0, 1, 2 ]
    }, {
      "vertices" : [ 33, 51, 49 ]
    }, {
      "vertices" : [ 25, 36, 37, 38 ]
    }, {
      "vertices" : [ 41, 55, 42 ]
    }, {
      "vertices" : [ 9, 32, 59, 40 ]
    }, {
      "vertices" : [ 20, 21, 52, 48 ]
    }, {
      "vertices" : [ 26, 33, 30, 29, 27 ]
    }, {
      "vertices" : [ 3, 4, 5, 6 ]
    }, {
      "vertices" : [ 27, 29, 44, 46 ]
    }, {
      "vertices" : [ 50, 57, 56, 55, 58 ]
    }, {
      "vertices" : [ 26, 38, 51, 33 ]
    }, {
      "vertices" : [ 45, 47, 58 ]
    }, {
      "vertices" : [ 18, 28, 57, 50 ]
    }, {
      "vertices" : [ 40, 59, 56 ]
    }, {
      "vertices" : [ 31, 48, 37, 43 ]
    }, {
      "vertices" : [ 7, 8, 9, 10 ]
    }, {
      "vertices" : [ 36, 41, 42, 43 ]
    }, {
      "vertices" : [ 24, 46, 47, 45 ]
    }, {
      "vertices" : [ 4, 30, 5 ]
    }, {
      "vertices" : [ 15, 47, 46, 44, 16 ]
    }, {
      "vertices" : [ 15, 50, 58, 47 ]
    }, {
      "vertices" : [ 24, 45, 41, 36, 25 ]
    }, {
      "vertices" : [ 11, 14, 19 ]
    }, {
      "vertices" : [ 3, 6, 39 ]
    }, {
      "vertices" : [ 1, 39, 6, 2 ]
    }, {
      "vertices" : [ 8, 32, 9 ]
    }, {
      "vertices" : [ 11, 12, 13, 14 ]
    }, {
      "vertices" : [ 16, 22, 17 ]
    }, {
      "vertices" : [ 0, 21, 20, 8, 7 ]
    }, {
      "vertices" : [ 12, 34, 13 ]
    }, {
      "vertices" : [ 35, 40, 56, 57 ]
    }, {
      "vertices" : [ 0, 7, 54, 1 ]
    }, {
      "vertices" : [ 15, 16, 17, 18 ]
    }, {
      "vertices" : [ 3, 19, 22, 23, 4 ]
    }, {
      "vertices" : [ 7, 10, 54 ]
    }, {
      "vertices" : [ 41, 45, 58, 55 ]
    }, {
      "vertices" : [ 3, 39, 11, 19 ]
    }, {
      "vertices" : [ 14, 17, 22, 19 ]
    }, {
      "vertices" : [ 0, 2, 53, 21 ]
    }, {
      "vertices" : [ 49, 51, 52, 53 ]
    }, {
      "vertices" : [ 31, 43, 42, 59, 32 ]
    }, {
      "vertices" : [ 15, 18, 50 ]
    }, {
      "vertices" : [ 42, 55, 56, 59 ]
    }, {
      "vertices" : [ 4, 23, 29, 30 ]
    }, {
      "vertices" : [ 25, 38, 26 ]
    }, {
      "vertices" : [ 13, 28, 18, 17, 14 ]
    }, {
      "vertices" : [ 8, 20, 31, 32 ]
    }, {
      "vertices" : [ 23, 44, 29 ]
    }, {
      "vertices" : [ 24, 27, 46 ]
    }, {
      "vertices" : [ 37, 48, 52, 51, 38 ]
    }, {
      "vertices" : [ 20, 48, 31 ]
    }, {
      "vertices" : [ 24, 25, 26, 27 ]
    }, {
      "vertices" : [ 16, 44, 23, 22 ]
    }, {
      "vertices" : [ 13, 34, 35, 28 ]
    }, {
      "vertices" : [ 10, 34, 12, 54 ]
    }, {
      "vertices" : [ 2, 6, 5, 49, 53 ]
    }, {
      "vertices" : [ 36, 43, 37 ]
    }, {
      "vertices" : [ 5, 30, 33, 49 ]
    }, {
      "vertices" : [ 1, 54, 12, 11, 39 ]
    }, {
      "vertices" : [ 28, 35, 57 ]
    }, {
      "vertices" : [ 21, 53, 52 ]
    } ]
  } ],
  "instances" : [ {
    "shape" : "cd1dae02-a447-489d-9549-dab834fe5041",
    "color" : "#EBEBE7",
    "position" : {
      "x" : 11.985759,
      "y" : -2.1423016,
      "z" : 1.8913866
    },
    "orientation" : 16
  }, {
    "shape" : "cd1dae02-a447-489d-9549-dab834fe5041",
    "color" : "#EBEBE7",
    "position" : {
      "x" : -7.141567,
      "y" : 9.980368,
      "z" : 1.1024884
    },
    "orientation" : 33
  }, {
    "shape" : "cd1dae02-a447-489d-9549-dab834fe5041",
    "color" : "#EBEBE7",
    "position" : {
      "x" : -8.088982,
      "y" : 4.162816,
      "z" : -8.310509
    },
    "orientation" : 25
  }, {
    "shape" : "cd1dae02-a447-489d-9549-dab834fe5041",
    "color" : "#EBEBE7",
    "position" : {
      "x" : 3.24479,
      "y" : -3.6752503,
      "z" : -11.304383
    },
    "orientation" : 6
  }, {
    "shape" : "cd1dae02-a447-489d-9549-dab834fe5041",
    "color" : "#EBEBE7",
    "position" : {
      "x" : 9.412996,
      "y" : -6.3051176,
      "z" : 4.8441916
    },
    "orientation" : 29
  }, {
    "shape" : "cd1dae02-a447-489d-9549-dab834fe5041",
    "color" : "#EBEBE7",
    "position" : {
      "x" : -6.3051176,
      "y" : 4.8441916,
      "z" : 9.412996
    },
    "orientation" : 43
  }, {
    "shape" : "cd1dae02-a447-489d-9549-dab834fe5041",
    "color" : "#EBEBE7",
    "position" : {
      "x" : 2.1423016,
      "y" : 1.8913866,
      "z" : -11.985759
    },
    "orientation" : 15
  }, {
    "shape" : "cd1dae02-a447-489d-9549-dab834fe5041",
    "color" : "#EBEBE7",
    "position" : {
      "x" : 1.8913866,
      "y" : 11.985759,
      "z" : -2.1423016
    },
    "orientation" : 47
  }, {
    "shape" : "cd1dae02-a447-489d-9549-dab834fe5041",
    "color" : "#EBEBE7",
    "position" : {
      "x" : -2.1423016,
      "y" : -1.8913866,
      "z" : -11.985759
    },
    "orientation" : 45
  }, {
    "shape" : "cd1dae02-a447-489d-9549-dab834fe5041",
    "color" : "#EBEBE7",
    "position" : {
      "x" : 6.3051176,
      "y" : 4.8441916,
      "z" : -9.412996
    },
    "orientation" : 28
  }, {
    "shape" : "cd1dae02-a447-489d-9549-dab834fe5041",
    "color" : "#EBEBE7",
    "position" : {
      "x" : -4.8441916,
      "y" : -9.412996,
      "z" : -6.3051176
    },
    "orientation" : 27
  }, {
    "shape" : "cd1dae02-a447-489d-9549-dab834fe5041",
    "color" : "#EBEBE7",
    "position" : {
      "x" : -11.304383,
      "y" : 3.24479,
      "z" : -3.6752503
    },
    "orientation" : 7
  }, {
    "shape" : "cd1dae02-a447-489d-9549-dab834fe5041",
    "color" : "#EBEBE7",
    "position" : {
      "x" : 8.310509,
      "y" : -8.088982,
      "z" : -4.162816
    },
    "orientation" : 11
  }, {
    "shape" : "cd1dae02-a447-489d-9549-dab834fe5041",
    "color" : "#EBEBE7",
    "position" : {
      "x" : 1.1024884,
      "y" : 7.141567,
      "z" : -9.980368
    },
    "orientation" : 4
  }, {
    "shape" : "cd1dae02-a447-489d-9549-dab834fe5041",
    "color" : "#EBEBE7",
    "position" : {
      "x" : 3.6752503,
      "y" : -11.304383,
      "z" : -3.24479
    },
    "orientation" : 53
  }, {
    "shape" : "cd1dae02-a447-489d-9549-dab834fe5041",
    "color" : "#EBEBE7",
    "position" : {
      "x" : 9.980368,
      "y" : 1.1024884,
      "z" : -7.141567
    },
    "orientation" : 50
  }, {
    "shape" : "cd1dae02-a447-489d-9549-dab834fe5041",
    "color" : "#EBEBE7",
    "position" : {
      "x" : -4.162816,
      "y" : -8.310509,
      "z" : 8.088982
    },
    "orientation" : 24
  }, {
    "shape" : "cd1dae02-a447-489d-9549-dab834fe5041",
    "color" : "#EBEBE7",
    "position" : {
      "x" : -8.310509,
      "y" : -8.088982,
      "z" : 4.162816
    },
    "orientation" : 56
  }, {
    "shape" : "cd1dae02-a447-489d-9549-dab834fe5041",
    "color" : "#EBEBE7",
    "position" : {
      "x" : -3.24479,
      "y" : 3.6752503,
      "z" : -11.304383
    },
    "orientation" : 36
  }, {
    "shape" : "cd1dae02-a447-489d-9549-dab834fe5041",
    "color" : "#EBEBE7",
    "position" : {
      "x" : -9.412996,
      "y" : 6.3051176,
      "z" : 4.8441916
    },
    "orientation" : 59
  }, {
    "shape" : "cd1dae02-a447-489d-9549-dab834fe5041",
    "color" : "#EBEBE7",
    "position" : {
      "x" : 11.985759,
      "y" : 2.1423016,
      "z" : -1.8913866
    },
    "orientation" : 1
  }, {
    "shape" : "cd1dae02-a447-489d-9549-dab834fe5041",
    "color" : "#EBEBE7",
    "position" : {
      "x" : 11.304383,
      "y" : 3.24479,
      "z" : 3.6752503
    },
    "orientation" : 52
  }, {
    "shape" : "cd1dae02-a447-489d-9549-dab834fe5041",
    "color" : "#EBEBE7",
    "position" : {
      "x" : -9.980368,
      "y" : -1.1024884,
      "z" : -7.141567
    },
    "orientation" : 20
  }, {
    "shape" : "cd1dae02-a447-489d-9549-dab834fe5041",
    "color" : "#EBEBE7",
    "position" : {
      "x" : -3.6752503,
      "y" : -11.304383,
      "z" : 3.24479
    },
    "orientation" : 8
  }, {
    "shape" : "cd1dae02-a447-489d-9549-dab834fe5041",
    "color" : "#EBEBE7",
    "position" : {
      "x" : 3.24479,
      "y" : 3.6752503,
      "z" : 11.304383
    },
    "orientation" : 21
  }, {
    "shape" : "cd1dae02-a447-489d-9549-dab834fe5041",
    "color" : "#EBEBE7",
    "position" : {
      "x" : 1.8913866,
      "y" : -11.985759,
      "z" : 2.1423016
    },
    "orientation" : 32
  }, {
    "shape" : "cd1dae02-a447-489d-9549-dab834fe5041",
    "color" : "#EBEBE7",
    "position" : {
      "x" : -8.310509,
      "y" : 8.088982,
      "z" : -4.162816
    },
    "orientation" : 41
  }, {
    "shape" : "cd1dae02-a447-489d-9549-dab834fe5041",
    "color" : "#EBEBE7",
    "position" : {
      "x" : 4.8441916,
      "y" : 9.412996,
      "z" : -6.3051176
    },
    "orientation" : 57
  }, {
    "shape" : "cd1dae02-a447-489d-9549-dab834fe5041",
    "color" : "#EBEBE7",
    "position" : {
      "x" : 11.304383,
      "y" : -3.24479,
      "z" : -3.6752503
    },
    "orientation" : 37
  }, {
    "shape" : "cd1dae02-a447-489d-9549-dab834fe5041",
    "color" : "#EBEBE7",
    "position" : {
      "x" : 8.088982,
      "y" : -4.162816,
      "z" : -8.310509
    },
    "orientation" : 55
  }, {
    "shape" : "cd1dae02-a447-489d-9549-dab834fe5041",
    "color" : "#EBEBE7",
    "position" : {
      "x" : 9.412996,
      "y" : 6.3051176,
      "z" : -4.8441916
    },
    "orientation" : 14
  }, {
    "shape" : "cd1dae02-a447-489d-9549-dab834fe5041",
    "color" : "#EBEBE7",
    "position" : {
      "x" : -11.985759,
      "y" : -2.1423016,
      "z" : -1.8913866
    },
    "orientation" : 31
  }, {
    "shape" : "cd1dae02-a447-489d-9549-dab834fe5041",
    "color" : "#EBEBE7",
    "position" : {
      "x" : -1.1024884,
      "y" : 7.141567,
      "z" : 9.980368
    },
    "orientation" : 49
  }, {
    "shape" : "cd1dae02-a447-489d-9549-dab834fe5041",
    "color" : "#EBEBE7",
    "position" : {
      "x" : -11.304383,
      "y" : -3.24479,
      "z" : 3.6752503
    },
    "orientation" : 22
  }, {
    "shape" : "cd1dae02-a447-489d-9549-dab834fe5041",
    "color" : "#EBEBE7",
    "position" : {
      "x" : 7.141567,
      "y" : 9.980368,
      "z" : -1.1024884
    },
    "orientation" : 18
  }, {
    "shape" : "cd1dae02-a447-489d-9549-dab834fe5041",
    "color" : "#EBEBE7",
    "position" : {
      "x" : -2.1423016,
      "y" : 1.8913866,
      "z" : 11.985759
    },
    "orientation" : 30
  }, {
    "shape" : "cd1dae02-a447-489d-9549-dab834fe5041",
    "color" : "#EBEBE7",
    "position" : {
      "x" : -1.8913866,
      "y" : 11.985759,
      "z" : 2.1423016
    },
    "orientation" : 2
  }, {
    "shape" : "cd1dae02-a447-489d-9549-dab834fe5041",
    "color" : "#EBEBE7",
    "position" : {
      "x" : 2.1423016,
      "y" : -1.8913866,
      "z" : 11.985759
    },
    "orientation" : 0
  }, {
    "shape" : "cd1dae02-a447-489d-9549-dab834fe5041",
    "color" : "#EBEBE7",
    "position" : {
      "x" : -7.141567,
      "y" : -9.980368,
      "z" : -1.1024884
    },
    "orientation" : 48
  }, {
    "shape" : "cd1dae02-a447-489d-9549-dab834fe5041",
    "color" : "#EBEBE7",
    "position" : {
      "x" : 7.141567,
      "y" : -9.980368,
      "z" : 1.1024884
    },
    "orientation" : 3
  }, {
    "shape" : "cd1dae02-a447-489d-9549-dab834fe5041",
    "color" : "#EBEBE7",
    "position" : {
      "x" : -4.162816,
      "y" : 8.310509,
      "z" : -8.088982
    },
    "orientation" : 9
  }, {
    "shape" : "cd1dae02-a447-489d-9549-dab834fe5041",
    "color" : "#EBEBE7",
    "position" : {
      "x" : -6.3051176,
      "y" : -4.8441916,
      "z" : -9.412996
    },
    "orientation" : 58
  }, {
    "shape" : "cd1dae02-a447-489d-9549-dab834fe5041",
    "color" : "#EBEBE7",
    "position" : {
      "x" : 8.088982,
      "y" : 4.162816,
      "z" : 8.310509
    },
    "orientation" : 40
  }, {
    "shape" : "cd1dae02-a447-489d-9549-dab834fe5041",
    "color" : "#EBEBE7",
    "position" : {
      "x" : 1.1024884,
      "y" : -7.141567,
      "z" : 9.980368
    },
    "orientation" : 19
  }, {
    "shape" : "cd1dae02-a447-489d-9549-dab834fe5041",
    "color" : "#EBEBE7",
    "position" : {
      "x" : 4.162816,
      "y" : 8.310509,
      "z" : 8.088982
    },
    "orientation" : 54
  }, {
    "shape" : "cd1dae02-a447-489d-9549-dab834fe5041",
    "color" : "#EBEBE7",
    "position" : {
      "x" : -8.088982,
      "y" : -4.162816,
      "z" : 8.310509
    },
    "orientation" : 10
  }, {
    "shape" : "cd1dae02-a447-489d-9549-dab834fe5041",
    "color" : "#EBEBE7",
    "position" : {
      "x" : -1.8913866,
      "y" : -11.985759,
      "z" : -2.1423016
    },
    "orientation" : 17
  }, {
    "shape" : "cd1dae02-a447-489d-9549-dab834fe5041",
    "color" : "#EBEBE7",
    "position" : {
      "x" : -9.980368,
      "y" : 1.1024884,
      "z" : 7.141567
    },
    "orientation" : 5
  }, {
    "shape" : "cd1dae02-a447-489d-9549-dab834fe5041",
    "color" : "#EBEBE7",
    "position" : {
      "x" : 8.310509,
      "y" : 8.088982,
      "z" : 4.162816
    },
    "orientation" : 26
  }, {
    "shape" : "cd1dae02-a447-489d-9549-dab834fe5041",
    "color" : "#EBEBE7",
    "position" : {
      "x" : 3.6752503,
      "y" : 11.304383,
      "z" : 3.24479
    },
    "orientation" : 38
  }, {
    "shape" : "cd1dae02-a447-489d-9549-dab834fe5041",
    "color" : "#EBEBE7",
    "position" : {
      "x" : 4.8441916,
      "y" : -9.412996,
      "z" : 6.3051176
    },
    "orientation" : 42
  }, {
    "shape" : "cd1dae02-a447-489d-9549-dab834fe5041",
    "color" : "#EBEBE7",
    "position" : {
      "x" : -1.1024884,
      "y" : -7.141567,
      "z" : -9.980368
    },
    "orientation" : 34
  }, {
    "shape" : "ed01f196-6aff-44ba-b167-88c1983bb989",
    "color" : "#FFFFFF",
    "position" : {
      "x" : 0.0,
      "y" : 0.0,
      "z" : 0.0
    }
  }, {
    "shape" : "cd1dae02-a447-489d-9549-dab834fe5041",
    "color" : "#EBEBE7",
    "position" : {
      "x" : -3.24479,
      "y" : -3.6752503,
      "z" : 11.304383
    },
    "orientation" : 51
  }, {
    "shape" : "cd1dae02-a447-489d-9549-dab834fe5041",
    "color" : "#EBEBE7",
    "position" : {
      "x" : -4.8441916,
      "y" : 9.412996,
      "z" : 6.3051176
    },
    "orientation" : 12
  }, {
    "shape" : "cd1dae02-a447-489d-9549-dab834fe5041",
    "color" : "#EBEBE7",
    "position" : {
      "x" : -3.6752503,
      "y" : 11.304383,
      "z" : -3.24479
    },
    "orientation" : 23
  }, {
    "shape" : "cd1dae02-a447-489d-9549-dab834fe5041",
    "color" : "#EBEBE7",
    "position" : {
      "x" : 4.162816,
      "y" : -8.310509,
      "z" : -8.088982
    },
    "orientation" : 39
  }, {
    "shape" : "cd1dae02-a447-489d-9549-dab834fe5041",
    "color" : "#EBEBE7",
    "position" : {
      "x" : 6.3051176,
      "y" : -4.8441916,
      "z" : 9.412996
    },
    "orientation" : 13
  }, {
    "shape" : "cd1dae02-a447-489d-9549-dab834fe5041",
    "color" : "#EBEBE7",
    "position" : {
      "x" : 9.980368,
      "y" : -1.1024884,
      "z" : 7.141567
    },
    "orientation" : 35
  }, {
    "shape" : "cd1dae02-a447-489d-9549-dab834fe5041",
    "color" : "#EBEBE7",
    "position" : {
      "x" : -9.412996,
      "y" : -6.3051176,
      "z" : -4.8441916
    },
    "orientation" : 44
  }, {
    "shape" : "cd1dae02-a447-489d-9549-dab834fe5041",
    "color" : "#EBEBE7",
    "position" : {
      "x" : -11.985759,
      "y" : 2.1423016,
      "z" : 1.8913866
    },
    "orientation" : 46
  } ],
  "scenes" : [ ],
  "snapshots" : [ ]
}