{
  "polygons" : "true",
  "field" : "golden",
  "symmetry" : "icosahedral",
  "orientations" : [ [ 1.0, 0.0, 0.0, 0.0, 0.0, 1.0, 0.0, 0.0, 0.0, 0.0, 1.0, 0.0, 0.0, 0.0, 0.0, 1.0 ], [ 0.0, 0.0, 1.0, 0.0, 1.0, 0.0, 0.0, 0.0, 0.0, 1.0, 0.0, 0.0, 0.0, 0.0, 0.0, 1.0 ], [ 0.0, 1.0, 0.0, 0.0, 0.0, 0.0, 1.0, 0.0, 1.0, 0.0, 0.0, 0.0, 0.0, 0.0, 0.0, 1.0 ], [ 0.809017, 0.309017, 0.5, 0.0, 0.309017, 0.5, -0.809017, 0.0, -0.5, 0.809017, 0.309017, 0.0, 0.0, 0.0, 0.0, 1.0 ], [ -0.5, 0.809017, 0.309017, 0.0, 0.809017, 0.309017, 0.5, 0.0, 0.309017, 0.5, -0.809017, 0.0, 0.0, 0.0, 0.0, 1.0 ], [ 0.309017, 0.5, -0.809017, 0.0, -0.5, 0.809017, 0.309017, 0.0, 0.809017, 0.309017, 0.5, 0.0, 0.0, 0.0, 0.0, 1.0 ], [ 0.5, 0.809017, 0.309017, 0.0, 0.809017, -0.309017, -0.5, 0.0, -0.309017, 0.5, -0.809017, 0.0, 0.0, 0.0, 0.0, 1.0 ], [ -0.309017, 0.5, -0.809017, 0.0, 0.5, 0.809017, 0.309017, 0.0, 0.809017, -0.309017, -0.5, 0.0, 0.0, 0.0, 0.0, 1.0 ], [ 0.809017, -0.309017, -0.5, 0.0, -0.309017, 0.5, -0.809017, 0.0, 0.5, 0.809017, 0.309017, 0.0, 0.0, 0.0, 0.0, 1.0 ], [ 0.5, 0.809017, -0.309017, 0.0, 0.809017, -0.309017, 0.5, 0.0, 0.309017, -0.5, -0.809017, 0.0, 0.0, 0.0, 0.0, 1.0 ], [ 0.309017, -0.5, -0.809017, 0.0, 0.5, 0.809017, -0.309017, 0.0, 0.809017, -0.309017, 0.5, 0.0, 0.0, 0.0, 0.0, 1.0 ], [ 0.809017, -0.309017, 0.5, 0.0, 0.309017, -0.5, -0.809017, 0.0, 0.5, 0.809017, -0.309017, 0.0, 0.0, 0.0, 0.0, 1.0 ], [ 0.809017, 0.309017, -0.5, 0.0, 0.309017, 0.5, 0.809017, 0.0, 0.5, -0.809017, 0.309017, 0.0, 0.0, 0.0, 0.0, 1.0 ], [ 0.5, -0.809017, 0.309017, 0.0, 0.809017, 0.309017, -0.5, 0.0, 0.309017, 0.5, 0.809017, 0.0, 0.0, 0.0, 0.0, 1.0 ], [ 0.309017, 0.5, 0.809017, 0.0, 0.5, -0.809017, 0.309017, 0.0, 0.809017, 0.309017, -0.5, 0.0, 0.0, 0.0, 0.0, 1.0 ], [ 1.0, 0.0, 0.0, 0.0, 0.0, -1.0, 0.0, 0.0, 0.0, 0.0, -1.0, 0.0, 0.0, 0.0, 0.0, 1.0 ], [ 0.0, 0.0, 1.0, 0.0, -1.0, 0.0, 0.0, 0.0, 0.0, -1.0, 0.0, 0.0, 0.0, 0.0, 0.0, 1.0 ], [ 0.0, 1.0, 0.0, 0.0, 0.0, 0.0, -1.0, 0.0, -1.0, 0.0, 0.0, 0.0, 0.0, 0.0, 0.0, 1.0 ], [ 0.809017, 0.309017, 0.5, 0.0, -0.309017, -0.5, 0.809017, 0.0, 0.5, -0.809017, -0.309017, 0.0, 0.0, 0.0, 0.0, 1.0 ], [ -0.5, 0.809017, 0.309017, 0.0, -0.809017, -0.309017, -0.5, 0.0, -0.309017, -0.5, 0.809017, 0.0, 0.0, 0.0, 0.0, 1.0 ], [ 0.309017, 0.5, -0.809017, 0.0, 0.5, -0.809017, -0.309017, 0.0, -0.809017, -0.309017, -0.5, 0.0, 0.0, 0.0, 0.0, 1.0 ], [ 0.5, 0.809017, 0.309017, 0.0, -0.809017, 0.309017, 0.5, 0.0, 0.309017, -0.5, 0.809017, 0.0, 0.0, 0.0, 0.0, 1.0 ], [ -0.309017, 0.5, -0.809017, 0.0, -0.5, -0.809017, -0.309017, 0.0, -0.809017, 0.309017, 0.5, 0.0, 0.0, 0.0, 0.0, 1.0 ], [ 0.809017, -0.309017, -0.5, 0.0, 0.309017, -0.5, 0.809017, 0.0, -0.5, -0.809017, -0.309017, 0.0, 0.0, 0.0, 0.0, 1.0 ], [ 0.5, 0.809017, -0.309017, 0.0, -0.809017, 0.309017, -0.5, 0.0, -0.309017, 0.5, 0.809017, 0.0, 0.0, 0.0, 0.0, 1.0 ], [ 0.309017, -0.5, -0.809017, 0.0, -0.5, -0.809017, 0.309017, 0.0, -0.809017, 0.309017, -0.5, 0.0, 0.0, 0.0, 0.0, 1.0 ], [ 0.809017, -0.309017, 0.5, 0.0, -0.309017, 0.5, 0.809017, 0.0, -0.5, -0.809017, 0.309017, 0.0, 0.0, 0.0, 0.0, 1.0 ], [ 0.809017, 0.309017, -0.5, 0.0, -0.309017, -0.5, -0.809017, 0.0, -0.5, 0.809017, -0.309017, 0.0, 0.0, 0.0, 0.0, 1.0 ], [ 0.5, -0.809017, 0.309017, 0.0, -0.809017, -0.309017, 0.5, 0.0, -0.309017, -0.5, -0.809017, 0.0, 0.0, 0.0, 0.0, 1.0 ], [ 0.309017, 0.5, 0.809017, 0.0, -0.5, 0.809017, -0.309017, 0.0, -0.809017, -0.309017, 0.5, 0.0, 0.0, 0.0, 0.0, 1.0 ], [ -1.0, 0.0, 0.0, 0.0, 0.0, -1.0, 0.0, 0.0, 0.0, 0.0, 1.0, 0.0, 0.0, 0.0, 0.0, 1.0 ], [ 0.0, 0.0, -1.0, 0.0, -1.0, 0.0, 0.0, 0.0, 0.0, 1.0, 0.0, 0.0, 0.0, 0.0, 0.0, 1.0 ], [ 0.0, -1.0, 0.0, 0.0, 0.0, 0.0, -1.0, 0.0, 1.0, 0.0, 0.0, 0.0, 0.0, 0.0, 0.0, 1.0 ], [ -0.809017, -0.309017, -0.5, 0.0, -0.309017, -0.5, 0.809017, 0.0, -0.5, 0.809017, 0.309017, 0.0, 0.0, 0.0, 0.0, 1.0 ], [ 0.5, -0.809017, -0.309017, 0.0, -0.809017, -0.309017, -0.5, 0.0, 0.309017, 0.5, -0.809017, 0.0, 0.0, 0.0, 0.0, 1.0 ], [ -0.309017, -0.5, 0.809017, 0.0, 0.5, -0.809017, -0.309017, 0.0, 0.809017, 0.309017, 0.5, 0.0, 0.0, 0.0, 0.0, 1.0 ], [ -0.5, -0.809017, -0.309017, 0.0, -0.809017, 0.309017, 0.5, 0.0, -0.309017, 0.5, -0.809017, 0.0, 0.0, 0.0, 0.0, 1.0 ], [ 0.309017, -0.5, 0.809017, 0.0, -0.5, -0.809017, -0.309017, 0.0, 0.809017, -0.309017, -0.5, 0.0, 0.0, 0.0, 0.0, 1.0 ], [ -0.809017, 0.309017, 0.5, 0.0, 0.309017, -0.5, 0.809017, 0.0, 0.5, 0.809017, 0.309017, 0.0, 0.0, 0.0, 0.0, 1.0 ], [ -0.5, -0.809017, 0.309017, 0.0, -0.809017, 0.309017, -0.5, 0.0, 0.309017, -0.5, -0.809017, 0.0, 0.0, 0.0, 0.0, 1.0 ], [ -0.309017, 0.5, 0.809017, 0.0, -0.5, -0.809017, 0.309017, 0.0, 0.809017, -0.309017, 0.5, 0.0, 0.0, 0.0, 0.0, 1.0 ], [ -0.809017, 0.309017, -0.5, 0.0, -0.309017, 0.5, 0.809017, 0.0, 0.5, 0.809017, -0.309017, 0.0, 0.0, 0.0, 0.0, 1.0 ], [ -0.809017, -0.309017, 0.5, 0.0, -0.309017, -0.5, -0.809017, 0.0, 0.5, -0.809017, 0.309017, 0.0, 0.0, 0.0, 0.0, 1.0 ], [ -0.5, 0.809017, -0.309017, 0.0, -0.809017, -0.309017, 0.5, 0.0, 0.309017, 0.5, 0.809017, 0.0, 0.0, 0.0, 0.0, 1.0 ], [ -0.309017, -0.5, -0.809017, 0.0, -0.5, 0.809017, -0.309017, 0.0, 0.809017, 0.309017, -0.5, 0.0, 0.0, 0.0, 0.0, 1.0 ], [ -1.0, 0.0, 0.0, 0.0, 0.0, 1.0, 0.0, 0.0, 0.0, 0.0, -1.0, 0.0, 0.0, 0.0, 0.0, 1.0 ], [ 0.0, 0.0, -1.0, 0.0, 1.0, 0.0, 0.0, 0.0, 0.0, -1.0, 0.0, 0.0, 0.0, 0.0, 0.0, 1.0 ], [ 0.0, -1.0, 0.0, 0.0, 0.0, 0.0, 1.0, 0.0, -1.0, 0.0, 0.0, 0.0, 0.0, 0.0, 0.0, 1.0 ], [ -0.809017, -0.309017, -0.5, 0.0, 0.309017, 0.5, -0.809017, 0.0, 0.5, -0.809017, -0.309017, 0.0, 0.0, 0.0, 0.0, 1.0 ], [ 0.5, -0.809017, -0.309017, 0.0, 0.809017, 0.309017, 0.5, 0.0, -0.309017, -0.5, 0.809017, 0.0, 0.0, 0.0, 0.0, 1.0 ], [ -0.309017, -0.5, 0.809017, 0.0, -0.5, 0.809017, 0.309017, 0.0, -0.809017, -0.309017, -0.5, 0.0, 0.0, 0.0, 0.0, 1.0 ], [ -0.5, -0.809017, -0.309017, 0.0, 0.809017, -0.309017, -0.5, 0.0, 0.309017, -0.5, 0.809017, 0.0, 0.0, 0.0, 0.0, 1.0 ], [ 0.309017, -0.5, 0.809017, 0.0, 0.5, 0.809017, 0.309017, 0.0, -0.809017, 0.309017, 0.5, 0.0, 0.0, 0.0, 0.0, 1.0 ], [ -0.809017, 0.309017, 0.5, 0.0, -0.309017, 0.5, -0.809017, 0.0, -0.5, -0.809017, -0.309017, 0.0, 0.0, 0.0, 0.0, 1.0 ], [ -0.5, -0.809017, 0.309017, 0.0, 0.809017, -0.309017, 0.5, 0.0, -0.309017, 0.5, 0.809017, 0.0, 0.0, 0.0, 0.0, 1.0 ], [ -0.309017, 0.5, 0.809017, 0.0, 0.5, 0.809017, -0.309017, 0.0, -0.809017, 0.309017, -0.5, 0.0, 0.0, 0.0, 0.0, 1.0 ], [ -0.809017, 0.309017, -0.5, 0.0, 0.309017, -0.5, -0.809017, 0.0, -0.5, -0.809017, 0.309017, 0.0, 0.0, 0.0, 0.0, 1.0 ], [ -0.809017, -0.309017, 0.5, 0.0, 0.309017, 0.5, 0.809017, 0.0, -0.5, 0.809017, -0.309017, 0.0, 0.0, 0.0, 0.0, 1.0 ], [ -0.5, 0.809017, -0.309017, 0.0, 0.809017, 0.309017, -0.5, 0.0, -0.309017, -0.5, -0.809017, 0.0, 0.0, 0.0, 0.0, 1.0 ], [ -0.309017, -0.5, -0.809017, 0.0, 0.5, -0.809017, 0.309017, 0.0, -0.809017, -0.309017, 0.5, 0.0, 0.0, 0.0, 0.0, 1.0 ] ],
  "lights" : {
    "directionalLights" : [ {
      "direction" : [ 1.0, -1.0, -1.0 ],
      "color" : "#EBEBE4"
    }, {
      "direction" : [ -1.0, 0.0, 0.0 ],
      "color" : "#E4E4EB"
    }, {
      "direction" : [ 0.0, 0.0, -1.0 ],
      "color" : "#1E1E1E"
    } ],
    "ambientColor" : "#292929",
    "backgroundColor" : "#AFC8DC"
  },
  "camera" : {
    "position" : {
      "x" : 57.52626,
      "y" : 236.29156,
      "z" : 326.3821
    },
    "width" : 183.16206,
    "fieldOfView" : 0.44262865,
    "lookAtPoint" : {
      "x" : 0.0,
      "y" : 0.0,
      "z" : 0.0
    },
    "viewDistance" : 407.02704,
    "farClipDistance" : 814.05255,
    "perspective" : true,
    "nearClipDistance" : 1.017567,
    "upDirection" : {
      "x" : -0.023486234,
      "y" : -0.80781966,
      "z" : 0.5889756
    },
    "stereo" : false,
    "lookDirection" : {
      "x" : -0.14133278,
      "y" : -0.5805304,
      "z" : -0.8018684
    }
  },
  "embedding" : [ 1.0, 0.0, 0.0, 0.0, 0.0, 1.0, 0.0, 0.0, 0.0, 0.0, 1.0, 0.0, 0.0, 0.0, 0.0, 1.0 ],
  "shapes" : [ {
    "id" : "74022977-da71-4da3-869a-34278c4fabca",
    "vertices" : [ {
      "x" : 0.0,
      "y" : 0.0,
      "z" : 0.0
    }, {
      "x" : -6.854102,
      "y" : 11.09017,
      "z" : -17.944271
    }, {
      "x" : 0.0,
      "y" : 22.18034,
      "z" : 0.0
    } ],
    "faces" : [ {
      "vertices" : [ 0, 1, 2 ]
    }, {
      "vertices" : [ 0, 2, 1 ]
    } ]
  }, {
    "id" : "7c7b53d4-6bda-4aa0-8219-60b5ce302815",
    "vertices" : [ {
      "x" : 0.0,
      "y" : 0.0,
      "z" : 0.0
    }, {
      "x" : 0.0,
      "y" : -22.18034,
      "z" : 0.0
    }, {
      "x" : -6.854102,
      "y" : -11.09017,
      "z" : -17.944271
    } ],
    "faces" : [ {
      "vertices" : [ 0, 1, 2 ]
    }, {
      "vertices" : [ 0, 2, 1 ]
    } ]
  }, {
    "id" : "c47e3f3c-9f73-4d34-a7d0-4faf2c7a4207",
    "vertices" : [ {
      "x" : 0.0,
      "y" : 0.0,
      "z" : 0.0
    }, {
      "x" : 6.854102,
      "y" : 11.09017,
      "z" : 17.944271
    }, {
      "x" : 6.854102,
      "y" : -11.09017,
      "z" : 17.944271
    } ],
    "faces" : [ {
      "vertices" : [ 0, 1, 2 ]
    }, {
      "vertices" : [ 0, 2, 1 ]
    } ]
  }, {
    "id" : "63170cf1-7077-44cb-bc59-0d27fd551222",
    "vertices" : [ {
      "x" : 0.0,
      "y" : 0.0,
      "z" : 0.0
    }, {
      "x" : -1.618034,
      "y" : -2.618034,
      "z" : -4.236068
    }, {
      "x" : -1.618034,
      "y" : 2.618034,
      "z" : -4.236068
    } ],
    "faces" : [ {
      "vertices" : [ 0, 1, 2 ]
    }, {
      "vertices" : [ 0, 2, 1 ]
    } ]
  }, {
    "id" : "10e99389-4232-4bc5-9c8f-5ff6e0d440eb",
    "vertices" : [ {
      "x" : 0.0,
      "y" : 0.0,
      "z" : 0.0
    }, {
      "x" : 1.618034,
      "y" : -2.618034,
      "z" : 4.236068
    }, {
      "x" : 0.0,
      "y" : -5.236068,
      "z" : 0.0
    } ],
    "faces" : [ {
      "vertices" : [ 0, 1, 2 ]
    }, {
      "vertices" : [ 0, 2, 1 ]
    } ]
  }, {
    "id" : "abf7ff89-37a6-4f0b-947e-6940976178c7",
    "vertices" : [ {
      "x" : 0.0,
      "y" : 0.0,
      "z" : 0.0
    }, {
      "x" : 0.0,
      "y" : 22.18034,
      "z" : 0.0
    }, {
      "x" : 0.0,
      "y" : 22.18034,
      "z" : 5.236068
    }, {
      "x" : 0.0,
      "y" : 0.0,
      "z" : 5.236068
    } ],
    "faces" : [ {
      "vertices" : [ 0, 1, 2, 3 ]
    }, {
      "vertices" : [ 0, 3, 2, 1 ]
    } ]
  }, {
    "id" : "a719841b-c108-4da9-8695-7e7f5ed3612d",
    "vertices" : [ {
      "x" : 0.0,
      "y" : 0.0,
      "z" : 0.0
    }, {
      "x" : 0.0,
      "y" : -8.472136,
      "z" : 5.236068
    }, {
      "x" : 0.0,
      "y" : -13.708204,
      "z" : 5.236068
    }, {
      "x" : 0.0,
      "y" : -22.18034,
      "z" : 0.0
    } ],
    "faces" : [ {
      "vertices" : [ 0, 1, 2, 3 ]
    }, {
      "vertices" : [ 0, 3, 2, 1 ]
    } ]
  }, {
    "id" : "b76d0b1c-eab7-4833-9020-83cbca723ad7",
    "vertices" : [ {
      "x" : 0.0,
      "y" : 0.0,
      "z" : 0.0
    }, {
      "x" : -1.618034,
      "y" : 2.618034,
      "z" : -4.236068
    }, {
      "x" : -4.236068,
      "y" : 6.854102,
      "z" : -2.618034
    }, {
      "x" : -4.236068,
      "y" : 6.854102,
      "z" : 2.618034
    }, {
      "x" : -1.618034,
      "y" : 2.618034,
      "z" : 4.236068
    } ],
    "faces" : [ {
      "vertices" : [ 0, 1, 2, 3, 4 ]
    }, {
      "vertices" : [ 0, 4, 3, 2, 1 ]
    } ]
  }, {
    "id" : "2f362304-ca12-44fe-b980-fcc6660e60c2",
    "vertices" : [ {
      "x" : 0.0,
      "y" : 0.0,
      "z" : 0.0
    }, {
      "x" : -2.618034,
      "y" : 4.236068,
      "z" : 1.618034
    }, {
      "x" : -2.618034,
      "y" : 4.236068,
      "z" : 6.854102
    }, {
      "x" : 0.0,
      "y" : 0.0,
      "z" : 8.472136
    }, {
      "x" : 1.618034,
      "y" : -2.618034,
      "z" : 4.236068
    } ],
    "faces" : [ {
      "vertices" : [ 0, 1, 2, 3, 4 ]
    }, {
      "vertices" : [ 0, 4, 3, 2, 1 ]
    } ]
  }, {
    "id" : "dddfbd45-35cf-4335-838e-173e0dd34574",
    "vertices" : [ {
      "x" : 0.0,
      "y" : 0.0,
      "z" : 0.0
    }, {
      "x" : 0.0,
      "y" : 8.472136,
      "z" : -5.236068
    }, {
      "x" : 0.0,
      "y" : 13.708204,
      "z" : -5.236068
    }, {
      "x" : 0.0,
      "y" : 22.18034,
      "z" : 0.0
    } ],
    "faces" : [ {
      "vertices" : [ 0, 1, 2, 3 ]
    }, {
      "vertices" : [ 0, 3, 2, 1 ]
    } ]
  }, {
    "id" : "77e6bdbe-563a-4a42-8cd8-64b68d4305d0",
    "vertices" : [ {
      "x" : 0.0,
      "y" : 0.0,
      "z" : 0.0
    }, {
      "x" : 0.0,
      "y" : -22.18034,
      "z" : 0.0
    }, {
      "x" : 0.0,
      "y" : -22.18034,
      "z" : -5.236068
    }, {
      "x" : 0.0,
      "y" : 0.0,
      "z" : -5.236068
    } ],
    "faces" : [ {
      "vertices" : [ 0, 1, 2, 3 ]
    }, {
      "vertices" : [ 0, 3, 2, 1 ]
    } ]
  }, {
    "id" : "c6541f00-b7ae-4091-be3e-5d6a00dc9a55",
    "vertices" : [ {
      "x" : 0.0,
      "y" : 0.0,
      "z" : 0.0
    }, {
      "x" : 2.618034,
      "y" : -4.236068,
      "z" : 1.618034
    }, {
      "x" : 4.236068,
      "y" : -6.854102,
      "z" : -2.618034
    }, {
      "x" : 2.618034,
      "y" : -4.236068,
      "z" : -6.854102
    }, {
      "x" : 0.0,
      "y" : 0.0,
      "z" : -5.236068
    } ],
    "faces" : [ {
      "vertices" : [ 0, 1, 2, 3, 4 ]
    }, {
      "vertices" : [ 0, 4, 3, 2, 1 ]
    } ]
  }, {
    "id" : "f0c2002d-a984-4516-876d-5c2929d06bed",
    "vertices" : [ {
      "x" : 0.0,
      "y" : 0.0,
      "z" : 0.0
    }, {
      "x" : 0.0,
      "y" : 5.236068,
      "z" : 0.0
    }, {
      "x" : 1.618034,
      "y" : 2.618034,
      "z" : 4.236068
    } ],
    "faces" : [ {
      "vertices" : [ 0, 1, 2 ]
    }, {
      "vertices" : [ 0, 2, 1 ]
    } ]
  } ],
  "instances" : [ {
    "shape" : "74022977-da71-4da3-869a-34278c4fabca",
    "color" : "#F7CF7F",
    "position" : {
      "x" : -15.326238,
      "y" : 22.18034,
      "z" : -33.27051
    },
    "orientation" : 54
  }, {
    "shape" : "7c7b53d4-6bda-4aa0-8219-60b5ce302815",
    "color" : "#F7CF7F",
    "position" : {
      "x" : 33.27051,
      "y" : 15.326238,
      "z" : -22.18034
    },
    "orientation" : 3
  }, {
    "shape" : "c47e3f3c-9f73-4d34-a7d0-4faf2c7a4207",
    "color" : "#F7CF7F",
    "position" : {
      "x" : 11.09017,
      "y" : -20.562305,
      "z" : -35.888542
    },
    "orientation" : 22
  }, {
    "shape" : "63170cf1-7077-44cb-bc59-0d27fd551222",
    "color" : "#F7CF7F",
    "position" : {
      "x" : -11.09017,
      "y" : -37.506577,
      "z" : 0.0
    },
    "orientation" : 16
  }, {
    "shape" : "10e99389-4232-4bc5-9c8f-5ff6e0d440eb",
    "color" : "#F7CF7F",
    "position" : {
      "x" : 2.618034,
      "y" : 15.326238,
      "z" : -35.888542
    },
    "orientation" : 17
  }, {
    "shape" : "abf7ff89-37a6-4f0b-947e-6940976178c7",
    "color" : "#7FBACA",
    "position" : {
      "x" : 11.09017,
      "y" : -20.562305,
      "z" : 35.888542
    },
    "orientation" : 37
  }, {
    "shape" : "a719841b-c108-4da9-8695-7e7f5ed3612d",
    "color" : "#7FBACA",
    "position" : {
      "x" : -22.18034,
      "y" : -33.27051,
      "z" : 15.326238
    },
    "orientation" : 23
  }, {
    "shape" : "74022977-da71-4da3-869a-34278c4fabca",
    "color" : "#F7CF7F",
    "position" : {
      "x" : 15.326238,
      "y" : -22.18034,
      "z" : -33.27051
    },
    "orientation" : 24
  }, {
    "shape" : "b76d0b1c-eab7-4833-9020-83cbca723ad7",
    "color" : "#D77F7F",
    "position" : {
      "x" : -38.506577,
      "y" : 29.034441,
      "z" : 0.0
    },
    "orientation" : 15
  }, {
    "shape" : "74022977-da71-4da3-869a-34278c4fabca",
    "color" : "#F7CF7F",
    "position" : {
      "x" : 0.0,
      "y" : -2.618034,
      "z" : -42.742645
    },
    "orientation" : 22
  }, {
    "shape" : "c47e3f3c-9f73-4d34-a7d0-4faf2c7a4207",
    "color" : "#F7CF7F",
    "position" : {
      "x" : 33.27051,
      "y" : -15.326238,
      "z" : -22.18034
    },
    "orientation" : 24
  }, {
    "shape" : "a719841b-c108-4da9-8695-7e7f5ed3612d",
    "color" : "#7FBACA",
    "position" : {
      "x" : 22.18034,
      "y" : -33.27051,
      "z" : -15.326238
    },
    "orientation" : 38
  }, {
    "shape" : "c47e3f3c-9f73-4d34-a7d0-4faf2c7a4207",
    "color" : "#F7CF7F",
    "position" : {
      "x" : 35.888542,
      "y" : 11.09017,
      "z" : 20.562305
    },
    "orientation" : 8
  }, {
    "shape" : "c47e3f3c-9f73-4d34-a7d0-4faf2c7a4207",
    "color" : "#F7CF7F",
    "position" : {
      "x" : 20.562305,
      "y" : 35.888542,
      "z" : 11.09017
    },
    "orientation" : 6
  }, {
    "shape" : "74022977-da71-4da3-869a-34278c4fabca",
    "color" : "#F7CF7F",
    "position" : {
      "x" : -11.09017,
      "y" : 20.562305,
      "z" : -35.888542
    },
    "orientation" : 17
  }, {
    "shape" : "7c7b53d4-6bda-4aa0-8219-60b5ce302815",
    "color" : "#F7CF7F",
    "position" : {
      "x" : 15.326238,
      "y" : -22.18034,
      "z" : 33.27051
    },
    "orientation" : 5
  }, {
    "shape" : "2f362304-ca12-44fe-b980-fcc6660e60c2",
    "color" : "#D77F7F",
    "position" : {
      "x" : -26.416409,
      "y" : 4.236068,
      "z" : 40.12461
    },
    "orientation" : 17
  }, {
    "shape" : "7c7b53d4-6bda-4aa0-8219-60b5ce302815",
    "color" : "#F7CF7F",
    "position" : {
      "x" : -42.742645,
      "y" : 0.0,
      "z" : -2.618034
    },
    "orientation" : 30
  }, {
    "shape" : "c47e3f3c-9f73-4d34-a7d0-4faf2c7a4207",
    "color" : "#F7CF7F",
    "position" : {
      "x" : 11.09017,
      "y" : -20.562305,
      "z" : 35.888542
    },
    "orientation" : 2
  }, {
    "shape" : "abf7ff89-37a6-4f0b-947e-6940976178c7",
    "color" : "#7FBACA",
    "position" : {
      "x" : -42.742645,
      "y" : 0.0,
      "z" : 2.618034
    },
    "orientation" : 45
  }, {
    "shape" : "dddfbd45-35cf-4335-838e-173e0dd34574",
    "color" : "#7FBACA",
    "position" : {
      "x" : 35.888542,
      "y" : -11.09017,
      "z" : -20.562305
    },
    "orientation" : 45
  }, {
    "shape" : "77e6bdbe-563a-4a42-8cd8-64b68d4305d0",
    "color" : "#7FBACA",
    "position" : {
      "x" : 2.618034,
      "y" : 42.742645,
      "z" : 0.0
    },
    "orientation" : 1
  }, {
    "shape" : "74022977-da71-4da3-869a-34278c4fabca",
    "color" : "#F7CF7F",
    "position" : {
      "x" : 22.18034,
      "y" : -33.27051,
      "z" : 15.326238
    },
    "orientation" : 5
  }, {
    "shape" : "abf7ff89-37a6-4f0b-947e-6940976178c7",
    "color" : "#7FBACA",
    "position" : {
      "x" : -15.326238,
      "y" : -22.18034,
      "z" : 33.27051
    },
    "orientation" : 40
  }, {
    "shape" : "b76d0b1c-eab7-4833-9020-83cbca723ad7",
    "color" : "#D77F7F",
    "position" : {
      "x" : 29.034441,
      "y" : 0.0,
      "z" : -38.506577
    },
    "orientation" : 32
  }, {
    "shape" : "a719841b-c108-4da9-8695-7e7f5ed3612d",
    "color" : "#7FBACA",
    "position" : {
      "x" : -2.618034,
      "y" : -42.742645,
      "z" : 0.0
    },
    "orientation" : 9
  }, {
    "shape" : "dddfbd45-35cf-4335-838e-173e0dd34574",
    "color" : "#7FBACA",
    "position" : {
      "x" : -11.09017,
      "y" : 20.562305,
      "z" : 35.888542
    },
    "orientation" : 22
  }, {
    "shape" : "74022977-da71-4da3-869a-34278c4fabca",
    "color" : "#F7CF7F",
    "position" : {
      "x" : -11.09017,
      "y" : -20.562305,
      "z" : 35.888542
    },
    "orientation" : 2
  }, {
    "shape" : "a719841b-c108-4da9-8695-7e7f5ed3612d",
    "color" : "#7FBACA",
    "position" : {
      "x" : 15.326238,
      "y" : -22.18034,
      "z" : -33.27051
    },
    "orientation" : 51
  }, {
    "shape" : "dddfbd45-35cf-4335-838e-173e0dd34574",
    "color" : "#7FBACA",
    "position" : {
      "x" : -22.18034,
      "y" : -33.27051,
      "z" : -15.326238
    },
    "orientation" : 10
  }, {
    "shape" : "abf7ff89-37a6-4f0b-947e-6940976178c7",
    "color" : "#7FBACA",
    "position" : {
      "x" : -15.326238,
      "y" : 22.18034,
      "z" : -33.27051
    },
    "orientation" : 55
  }, {
    "shape" : "63170cf1-7077-44cb-bc59-0d27fd551222",
    "color" : "#F7CF7F",
    "position" : {
      "x" : -35.888542,
      "y" : 2.618034,
      "z" : 15.326238
    },
    "orientation" : 38
  }, {
    "shape" : "a719841b-c108-4da9-8695-7e7f5ed3612d",
    "color" : "#7FBACA",
    "position" : {
      "x" : 33.27051,
      "y" : 15.326238,
      "z" : 22.18034
    },
    "orientation" : 22
  }, {
    "shape" : "a719841b-c108-4da9-8695-7e7f5ed3612d",
    "color" : "#7FBACA",
    "position" : {
      "x" : 42.742645,
      "y" : 0.0,
      "z" : 2.618034
    },
    "orientation" : 56
  }, {
    "shape" : "c47e3f3c-9f73-4d34-a7d0-4faf2c7a4207",
    "color" : "#F7CF7F",
    "position" : {
      "x" : 22.18034,
      "y" : 33.27051,
      "z" : -15.326238
    },
    "orientation" : 3
  }, {
    "shape" : "c6541f00-b7ae-4091-be3e-5d6a00dc9a55",
    "color" : "#D77F7F",
    "position" : {
      "x" : 2.618034,
      "y" : 42.742645,
      "z" : 22.18034
    },
    "orientation" : 16
  }, {
    "shape" : "abf7ff89-37a6-4f0b-947e-6940976178c7",
    "color" : "#7FBACA",
    "position" : {
      "x" : 0.0,
      "y" : -2.618034,
      "z" : 42.742645
    },
    "orientation" : 2
  }, {
    "shape" : "a719841b-c108-4da9-8695-7e7f5ed3612d",
    "color" : "#7FBACA",
    "position" : {
      "x" : 15.326238,
      "y" : 22.18034,
      "z" : 33.27051
    },
    "orientation" : 36
  }, {
    "shape" : "7c7b53d4-6bda-4aa0-8219-60b5ce302815",
    "color" : "#F7CF7F",
    "position" : {
      "x" : 22.18034,
      "y" : -33.27051,
      "z" : -15.326238
    },
    "orientation" : 24
  }, {
    "shape" : "dddfbd45-35cf-4335-838e-173e0dd34574",
    "color" : "#7FBACA",
    "position" : {
      "x" : -33.27051,
      "y" : -15.326238,
      "z" : -22.18034
    },
    "orientation" : 9
  }, {
    "shape" : "7c7b53d4-6bda-4aa0-8219-60b5ce302815",
    "color" : "#F7CF7F",
    "position" : {
      "x" : 0.0,
      "y" : 2.618034,
      "z" : -42.742645
    },
    "orientation" : 17
  }, {
    "shape" : "dddfbd45-35cf-4335-838e-173e0dd34574",
    "color" : "#7FBACA",
    "position" : {
      "x" : -20.562305,
      "y" : -35.888542,
      "z" : -11.09017
    },
    "orientation" : 6
  }, {
    "shape" : "dddfbd45-35cf-4335-838e-173e0dd34574",
    "color" : "#7FBACA",
    "position" : {
      "x" : -35.888542,
      "y" : -11.09017,
      "z" : -20.562305
    },
    "orientation" : 8
  }, {
    "shape" : "74022977-da71-4da3-869a-34278c4fabca",
    "color" : "#F7CF7F",
    "position" : {
      "x" : 15.326238,
      "y" : 22.18034,
      "z" : 33.27051
    },
    "orientation" : 9
  }, {
    "shape" : "a719841b-c108-4da9-8695-7e7f5ed3612d",
    "color" : "#7FBACA",
    "position" : {
      "x" : -33.27051,
      "y" : -15.326238,
      "z" : 22.18034
    },
    "orientation" : 52
  }, {
    "shape" : "dddfbd45-35cf-4335-838e-173e0dd34574",
    "color" : "#7FBACA",
    "position" : {
      "x" : -35.888542,
      "y" : 11.09017,
      "z" : 20.562305
    },
    "orientation" : 23
  }, {
    "shape" : "abf7ff89-37a6-4f0b-947e-6940976178c7",
    "color" : "#7FBACA",
    "position" : {
      "x" : -2.618034,
      "y" : -42.742645,
      "z" : 0.0
    },
    "orientation" : 16
  }, {
    "shape" : "dddfbd45-35cf-4335-838e-173e0dd34574",
    "color" : "#7FBACA",
    "position" : {
      "x" : 11.09017,
      "y" : 20.562305,
      "z" : -35.888542
    },
    "orientation" : 37
  }, {
    "shape" : "a719841b-c108-4da9-8695-7e7f5ed3612d",
    "color" : "#7FBACA",
    "position" : {
      "x" : -2.618034,
      "y" : 42.742645,
      "z" : 0.0
    },
    "orientation" : 24
  }, {
    "shape" : "c47e3f3c-9f73-4d34-a7d0-4faf2c7a4207",
    "color" : "#F7CF7F",
    "position" : {
      "x" : -33.27051,
      "y" : 15.326238,
      "z" : -22.18034
    },
    "orientation" : 54
  }, {
    "shape" : "dddfbd45-35cf-4335-838e-173e0dd34574",
    "color" : "#7FBACA",
    "position" : {
      "x" : 20.562305,
      "y" : 35.888542,
      "z" : -11.09017
    },
    "orientation" : 36
  }, {
    "shape" : "dddfbd45-35cf-4335-838e-173e0dd34574",
    "color" : "#7FBACA",
    "position" : {
      "x" : -15.326238,
      "y" : -22.18034,
      "z" : -33.27051
    },
    "orientation" : 11
  }, {
    "shape" : "77e6bdbe-563a-4a42-8cd8-64b68d4305d0",
    "color" : "#7FBACA",
    "position" : {
      "x" : 33.27051,
      "y" : 15.326238,
      "z" : -22.18034
    },
    "orientation" : 23
  }, {
    "shape" : "abf7ff89-37a6-4f0b-947e-6940976178c7",
    "color" : "#7FBACA",
    "position" : {
      "x" : -22.18034,
      "y" : -33.27051,
      "z" : 15.326238
    },
    "orientation" : 39
  }, {
    "shape" : "dddfbd45-35cf-4335-838e-173e0dd34574",
    "color" : "#7FBACA",
    "position" : {
      "x" : -20.562305,
      "y" : 35.888542,
      "z" : 11.09017
    },
    "orientation" : 21
  }, {
    "shape" : "2f362304-ca12-44fe-b980-fcc6660e60c2",
    "color" : "#D77F7F",
    "position" : {
      "x" : 4.236068,
      "y" : 40.12461,
      "z" : -26.416409
    },
    "orientation" : 31
  }, {
    "shape" : "c6541f00-b7ae-4091-be3e-5d6a00dc9a55",
    "color" : "#D77F7F",
    "position" : {
      "x" : -22.18034,
      "y" : 2.618034,
      "z" : -42.742645
    },
    "orientation" : 2
  }, {
    "shape" : "10e99389-4232-4bc5-9c8f-5ff6e0d440eb",
    "color" : "#F7CF7F",
    "position" : {
      "x" : 24.798374,
      "y" : 20.562305,
      "z" : 22.18034
    },
    "orientation" : 9
  }, {
    "shape" : "abf7ff89-37a6-4f0b-947e-6940976178c7",
    "color" : "#7FBACA",
    "position" : {
      "x" : 22.18034,
      "y" : 33.27051,
      "z" : 15.326238
    },
    "orientation" : 9
  }, {
    "shape" : "77e6bdbe-563a-4a42-8cd8-64b68d4305d0",
    "color" : "#7FBACA",
    "position" : {
      "x" : -15.326238,
      "y" : -22.18034,
      "z" : -33.27051
    },
    "orientation" : 22
  }, {
    "shape" : "2f362304-ca12-44fe-b980-fcc6660e60c2",
    "color" : "#D77F7F",
    "position" : {
      "x" : 40.12461,
      "y" : 26.416409,
      "z" : -4.236068
    },
    "orientation" : 30
  }, {
    "shape" : "dddfbd45-35cf-4335-838e-173e0dd34574",
    "color" : "#7FBACA",
    "position" : {
      "x" : -11.09017,
      "y" : 20.562305,
      "z" : -35.888542
    },
    "orientation" : 2
  }, {
    "shape" : "dddfbd45-35cf-4335-838e-173e0dd34574",
    "color" : "#7FBACA",
    "position" : {
      "x" : 35.888542,
      "y" : 11.09017,
      "z" : -20.562305
    },
    "orientation" : 38
  }, {
    "shape" : "74022977-da71-4da3-869a-34278c4fabca",
    "color" : "#F7CF7F",
    "position" : {
      "x" : -33.27051,
      "y" : -15.326238,
      "z" : -22.18034
    },
    "orientation" : 19
  }, {
    "shape" : "77e6bdbe-563a-4a42-8cd8-64b68d4305d0",
    "color" : "#7FBACA",
    "position" : {
      "x" : 0.0,
      "y" : 2.618034,
      "z" : 42.742645
    },
    "orientation" : 2
  }, {
    "shape" : "77e6bdbe-563a-4a42-8cd8-64b68d4305d0",
    "color" : "#7FBACA",
    "position" : {
      "x" : 0.0,
      "y" : 2.618034,
      "z" : -42.742645
    },
    "orientation" : 47
  }, {
    "shape" : "c6541f00-b7ae-4091-be3e-5d6a00dc9a55",
    "color" : "#D77F7F",
    "position" : {
      "x" : -42.742645,
      "y" : -22.18034,
      "z" : 2.618034
    },
    "orientation" : 0
  }, {
    "shape" : "dddfbd45-35cf-4335-838e-173e0dd34574",
    "color" : "#7FBACA",
    "position" : {
      "x" : 35.888542,
      "y" : -11.09017,
      "z" : 20.562305
    },
    "orientation" : 53
  }, {
    "shape" : "a719841b-c108-4da9-8695-7e7f5ed3612d",
    "color" : "#7FBACA",
    "position" : {
      "x" : -15.326238,
      "y" : -22.18034,
      "z" : 33.27051
    },
    "orientation" : 6
  }, {
    "shape" : "dddfbd45-35cf-4335-838e-173e0dd34574",
    "color" : "#7FBACA",
    "position" : {
      "x" : -22.18034,
      "y" : 33.27051,
      "z" : 15.326238
    },
    "orientation" : 25
  }, {
    "shape" : "77e6bdbe-563a-4a42-8cd8-64b68d4305d0",
    "color" : "#7FBACA",
    "position" : {
      "x" : 15.326238,
      "y" : -22.18034,
      "z" : 33.27051
    },
    "orientation" : 37
  }, {
    "shape" : "63170cf1-7077-44cb-bc59-0d27fd551222",
    "color" : "#F7CF7F",
    "position" : {
      "x" : 37.506577,
      "y" : 0.0,
      "z" : -11.09017
    },
    "orientation" : 0
  }, {
    "shape" : "77e6bdbe-563a-4a42-8cd8-64b68d4305d0",
    "color" : "#7FBACA",
    "position" : {
      "x" : -33.27051,
      "y" : -15.326238,
      "z" : -22.18034
    },
    "orientation" : 53
  }, {
    "shape" : "abf7ff89-37a6-4f0b-947e-6940976178c7",
    "color" : "#7FBACA",
    "position" : {
      "x" : 20.562305,
      "y" : 35.888542,
      "z" : -11.09017
    },
    "orientation" : 6
  }, {
    "shape" : "dddfbd45-35cf-4335-838e-173e0dd34574",
    "color" : "#7FBACA",
    "position" : {
      "x" : 33.27051,
      "y" : -15.326238,
      "z" : 22.18034
    },
    "orientation" : 54
  }, {
    "shape" : "10e99389-4232-4bc5-9c8f-5ff6e0d440eb",
    "color" : "#F7CF7F",
    "position" : {
      "x" : 24.798374,
      "y" : -20.562305,
      "z" : -22.18034
    },
    "orientation" : 24
  }, {
    "shape" : "a719841b-c108-4da9-8695-7e7f5ed3612d",
    "color" : "#7FBACA",
    "position" : {
      "x" : 0.0,
      "y" : -2.618034,
      "z" : 42.742645
    },
    "orientation" : 55
  }, {
    "shape" : "77e6bdbe-563a-4a42-8cd8-64b68d4305d0",
    "color" : "#7FBACA",
    "position" : {
      "x" : -35.888542,
      "y" : 11.09017,
      "z" : -20.562305
    },
    "orientation" : 56
  }, {
    "shape" : "74022977-da71-4da3-869a-34278c4fabca",
    "color" : "#F7CF7F",
    "position" : {
      "x" : 0.0,
      "y" : 2.618034,
      "z" : 42.742645
    },
    "orientation" : 7
  }, {
    "shape" : "abf7ff89-37a6-4f0b-947e-6940976178c7",
    "color" : "#7FBACA",
    "position" : {
      "x" : -20.562305,
      "y" : -35.888542,
      "z" : -11.09017
    },
    "orientation" : 36
  }, {
    "shape" : "77e6bdbe-563a-4a42-8cd8-64b68d4305d0",
    "color" : "#7FBACA",
    "position" : {
      "x" : 22.18034,
      "y" : 33.27051,
      "z" : -15.326238
    },
    "orientation" : 6
  }, {
    "shape" : "74022977-da71-4da3-869a-34278c4fabca",
    "color" : "#F7CF7F",
    "position" : {
      "x" : -15.326238,
      "y" : -22.18034,
      "z" : 33.27051
    },
    "orientation" : 39
  }, {
    "shape" : "f0c2002d-a984-4516-876d-5c2929d06bed",
    "color" : "#F7CF7F",
    "position" : {
      "x" : 0.0,
      "y" : 11.09017,
      "z" : 37.506577
    },
    "orientation" : 7
  }, {
    "shape" : "c47e3f3c-9f73-4d34-a7d0-4faf2c7a4207",
    "color" : "#F7CF7F",
    "position" : {
      "x" : -33.27051,
      "y" : -15.326238,
      "z" : 22.18034
    },
    "orientation" : 39
  }, {
    "shape" : "74022977-da71-4da3-869a-34278c4fabca",
    "color" : "#F7CF7F",
    "position" : {
      "x" : -33.27051,
      "y" : 15.326238,
      "z" : 22.18034
    },
    "orientation" : 4
  }, {
    "shape" : "c47e3f3c-9f73-4d34-a7d0-4faf2c7a4207",
    "color" : "#F7CF7F",
    "position" : {
      "x" : 20.562305,
      "y" : -35.888542,
      "z" : -11.09017
    },
    "orientation" : 21
  }, {
    "shape" : "f0c2002d-a984-4516-876d-5c2929d06bed",
    "color" : "#F7CF7F",
    "position" : {
      "x" : 0.0,
      "y" : -11.09017,
      "z" : -37.506577
    },
    "orientation" : 22
  }, {
    "shape" : "abf7ff89-37a6-4f0b-947e-6940976178c7",
    "color" : "#7FBACA",
    "position" : {
      "x" : 11.09017,
      "y" : 20.562305,
      "z" : -35.888542
    },
    "orientation" : 52
  }, {
    "shape" : "dddfbd45-35cf-4335-838e-173e0dd34574",
    "color" : "#7FBACA",
    "position" : {
      "x" : 15.326238,
      "y" : 22.18034,
      "z" : -33.27051
    },
    "orientation" : 41
  }, {
    "shape" : "63170cf1-7077-44cb-bc59-0d27fd551222",
    "color" : "#F7CF7F",
    "position" : {
      "x" : 15.326238,
      "y" : -35.888542,
      "z" : 2.618034
    },
    "orientation" : 21
  }, {
    "shape" : "77e6bdbe-563a-4a42-8cd8-64b68d4305d0",
    "color" : "#7FBACA",
    "position" : {
      "x" : -22.18034,
      "y" : 33.27051,
      "z" : 15.326238
    },
    "orientation" : 51
  }, {
    "shape" : "abf7ff89-37a6-4f0b-947e-6940976178c7",
    "color" : "#7FBACA",
    "position" : {
      "x" : -33.27051,
      "y" : 15.326238,
      "z" : -22.18034
    },
    "orientation" : 56
  }, {
    "shape" : "74022977-da71-4da3-869a-34278c4fabca",
    "color" : "#F7CF7F",
    "position" : {
      "x" : 2.618034,
      "y" : -42.742645,
      "z" : 0.0
    },
    "orientation" : 21
  }, {
    "shape" : "77e6bdbe-563a-4a42-8cd8-64b68d4305d0",
    "color" : "#7FBACA",
    "position" : {
      "x" : 2.618034,
      "y" : -42.742645,
      "z" : 0.0
    },
    "orientation" : 16
  }, {
    "shape" : "63170cf1-7077-44cb-bc59-0d27fd551222",
    "color" : "#F7CF7F",
    "position" : {
      "x" : -37.506577,
      "y" : 0.0,
      "z" : -11.09017
    },
    "orientation" : 30
  }, {
    "shape" : "c47e3f3c-9f73-4d34-a7d0-4faf2c7a4207",
    "color" : "#F7CF7F",
    "position" : {
      "x" : -35.888542,
      "y" : -11.09017,
      "z" : 20.562305
    },
    "orientation" : 38
  }, {
    "shape" : "77e6bdbe-563a-4a42-8cd8-64b68d4305d0",
    "color" : "#7FBACA",
    "position" : {
      "x" : -11.09017,
      "y" : -20.562305,
      "z" : 35.888542
    },
    "orientation" : 40
  }, {
    "shape" : "c47e3f3c-9f73-4d34-a7d0-4faf2c7a4207",
    "color" : "#F7CF7F",
    "position" : {
      "x" : 11.09017,
      "y" : 20.562305,
      "z" : -35.888542
    },
    "orientation" : 17
  }, {
    "shape" : "abf7ff89-37a6-4f0b-947e-6940976178c7",
    "color" : "#7FBACA",
    "position" : {
      "x" : 35.888542,
      "y" : -11.09017,
      "z" : 20.562305
    },
    "orientation" : 8
  }, {
    "shape" : "abf7ff89-37a6-4f0b-947e-6940976178c7",
    "color" : "#7FBACA",
    "position" : {
      "x" : 33.27051,
      "y" : 15.326238,
      "z" : 22.18034
    },
    "orientation" : 11
  }, {
    "shape" : "c47e3f3c-9f73-4d34-a7d0-4faf2c7a4207",
    "color" : "#F7CF7F",
    "position" : {
      "x" : -20.562305,
      "y" : 35.888542,
      "z" : 11.09017
    },
    "orientation" : 1
  }, {
    "shape" : "7c7b53d4-6bda-4aa0-8219-60b5ce302815",
    "color" : "#F7CF7F",
    "position" : {
      "x" : -2.618034,
      "y" : -42.742645,
      "z" : 0.0
    },
    "orientation" : 16
  }, {
    "shape" : "abf7ff89-37a6-4f0b-947e-6940976178c7",
    "color" : "#7FBACA",
    "position" : {
      "x" : 33.27051,
      "y" : -15.326238,
      "z" : -22.18034
    },
    "orientation" : 26
  }, {
    "shape" : "c47e3f3c-9f73-4d34-a7d0-4faf2c7a4207",
    "color" : "#F7CF7F",
    "position" : {
      "x" : 35.888542,
      "y" : 11.09017,
      "z" : -20.562305
    },
    "orientation" : 0
  }, {
    "shape" : "7c7b53d4-6bda-4aa0-8219-60b5ce302815",
    "color" : "#F7CF7F",
    "position" : {
      "x" : 0.0,
      "y" : -2.618034,
      "z" : 42.742645
    },
    "orientation" : 2
  }, {
    "shape" : "abf7ff89-37a6-4f0b-947e-6940976178c7",
    "color" : "#7FBACA",
    "position" : {
      "x" : -11.09017,
      "y" : 20.562305,
      "z" : 35.888542
    },
    "orientation" : 7
  }, {
    "shape" : "10e99389-4232-4bc5-9c8f-5ff6e0d440eb",
    "color" : "#F7CF7F",
    "position" : {
      "x" : 2.618034,
      "y" : -15.326238,
      "z" : 35.888542
    },
    "orientation" : 2
  }, {
    "shape" : "dddfbd45-35cf-4335-838e-173e0dd34574",
    "color" : "#7FBACA",
    "position" : {
      "x" : 20.562305,
      "y" : -35.888542,
      "z" : -11.09017
    },
    "orientation" : 1
  }, {
    "shape" : "abf7ff89-37a6-4f0b-947e-6940976178c7",
    "color" : "#7FBACA",
    "position" : {
      "x" : 0.0,
      "y" : -2.618034,
      "z" : -42.742645
    },
    "orientation" : 47
  }, {
    "shape" : "7c7b53d4-6bda-4aa0-8219-60b5ce302815",
    "color" : "#F7CF7F",
    "position" : {
      "x" : 22.18034,
      "y" : 33.27051,
      "z" : 15.326238
    },
    "orientation" : 9
  }, {
    "shape" : "2f362304-ca12-44fe-b980-fcc6660e60c2",
    "color" : "#D77F7F",
    "position" : {
      "x" : 40.12461,
      "y" : -26.416409,
      "z" : 4.236068
    },
    "orientation" : 45
  }, {
    "shape" : "f0c2002d-a984-4516-876d-5c2929d06bed",
    "color" : "#F7CF7F",
    "position" : {
      "x" : -20.562305,
      "y" : -22.18034,
      "z" : 24.798374
    },
    "orientation" : 39
  }, {
    "shape" : "a719841b-c108-4da9-8695-7e7f5ed3612d",
    "color" : "#7FBACA",
    "position" : {
      "x" : 2.618034,
      "y" : 42.742645,
      "z" : 0.0
    },
    "orientation" : 39
  }, {
    "shape" : "10e99389-4232-4bc5-9c8f-5ff6e0d440eb",
    "color" : "#F7CF7F",
    "position" : {
      "x" : -20.562305,
      "y" : 22.18034,
      "z" : 24.798374
    },
    "orientation" : 4
  }, {
    "shape" : "7c7b53d4-6bda-4aa0-8219-60b5ce302815",
    "color" : "#F7CF7F",
    "position" : {
      "x" : 20.562305,
      "y" : 35.888542,
      "z" : -11.09017
    },
    "orientation" : 6
  }, {
    "shape" : "7c7b53d4-6bda-4aa0-8219-60b5ce302815",
    "color" : "#F7CF7F",
    "position" : {
      "x" : 35.888542,
      "y" : -11.09017,
      "z" : 20.562305
    },
    "orientation" : 8
  }, {
    "shape" : "63170cf1-7077-44cb-bc59-0d27fd551222",
    "color" : "#F7CF7F",
    "position" : {
      "x" : 15.326238,
      "y" : 35.888542,
      "z" : -2.618034
    },
    "orientation" : 6
  }, {
    "shape" : "abf7ff89-37a6-4f0b-947e-6940976178c7",
    "color" : "#7FBACA",
    "position" : {
      "x" : -35.888542,
      "y" : -11.09017,
      "z" : -20.562305
    },
    "orientation" : 53
  }, {
    "shape" : "dddfbd45-35cf-4335-838e-173e0dd34574",
    "color" : "#7FBACA",
    "position" : {
      "x" : 33.27051,
      "y" : 15.326238,
      "z" : -22.18034
    },
    "orientation" : 39
  }, {
    "shape" : "7c7b53d4-6bda-4aa0-8219-60b5ce302815",
    "color" : "#F7CF7F",
    "position" : {
      "x" : -35.888542,
      "y" : 11.09017,
      "z" : 20.562305
    },
    "orientation" : 38
  }, {
    "shape" : "abf7ff89-37a6-4f0b-947e-6940976178c7",
    "color" : "#7FBACA",
    "position" : {
      "x" : 20.562305,
      "y" : -35.888542,
      "z" : 11.09017
    },
    "orientation" : 21
  }, {
    "shape" : "dddfbd45-35cf-4335-838e-173e0dd34574",
    "color" : "#7FBACA",
    "position" : {
      "x" : 22.18034,
      "y" : -33.27051,
      "z" : 15.326238
    },
    "orientation" : 55
  }, {
    "shape" : "abf7ff89-37a6-4f0b-947e-6940976178c7",
    "color" : "#7FBACA",
    "position" : {
      "x" : -22.18034,
      "y" : 33.27051,
      "z" : -15.326238
    },
    "orientation" : 54
  }, {
    "shape" : "dddfbd45-35cf-4335-838e-173e0dd34574",
    "color" : "#7FBACA",
    "position" : {
      "x" : 20.562305,
      "y" : 35.888542,
      "z" : 11.09017
    },
    "orientation" : 16
  }, {
